lat: 38.766144
lon: -9.093334
paths_directory: tobeadded